num_bonds 650 num_atoms 10125 box_size 15 15 15
1 2
2 3
3 4
4 5
5 6
3 7
7 8
8 9
9 10
10 11
11 12
9 13
13 14
14 15
15 16
16 17
17 18
15 19
19 20
20 21
21 22
22 23
23 24
24 25
22 26
27 28
28 29
29 30
30 31
31 32
29 33
33 34
34 35
35 36
36 37
37 38
35 39
39 40
40 41
41 42
42 43
43 44
41 45
45 46
46 47
47 48
48 49
49 50
50 51
48 52
53 54
54 55
55 56
56 57
57 58
55 59
59 60
60 61
61 62
62 63
63 64
61 65
65 66
66 67
67 68
68 69
69 70
67 71
71 72
72 73
73 74
74 75
75 76
76 77
74 78
79 80
80 81
81 82
82 83
83 84
81 85
85 86
86 87
87 88
88 89
89 90
87 91
91 92
92 93
93 94
94 95
95 96
93 97
97 98
98 99
99 100
100 101
101 102
102 103
100 104
105 106
106 107
107 108
108 109
109 110
107 111
111 112
112 113
113 114
114 115
115 116
113 117
117 118
118 119
119 120
120 121
121 122
119 123
123 124
124 125
125 126
126 127
127 128
128 129
126 130
131 132
132 133
133 134
134 135
135 136
133 137
137 138
138 139
139 140
140 141
141 142
139 143
143 144
144 145
145 146
146 147
147 148
145 149
149 150
150 151
151 152
152 153
153 154
154 155
152 156
157 158
158 159
159 160
160 161
161 162
159 163
163 164
164 165
165 166
166 167
167 168
165 169
169 170
170 171
171 172
172 173
173 174
171 175
175 176
176 177
177 178
178 179
179 180
180 181
178 182
183 184
184 185
185 186
186 187
187 188
185 189
189 190
190 191
191 192
192 193
193 194
191 195
195 196
196 197
197 198
198 199
199 200
197 201
201 202
202 203
203 204
204 205
205 206
206 207
204 208
209 210
210 211
211 212
212 213
213 214
211 215
215 216
216 217
217 218
218 219
219 220
217 221
221 222
222 223
223 224
224 225
225 226
223 227
227 228
228 229
229 230
230 231
231 232
232 233
230 234
235 236
236 237
237 238
238 239
239 240
237 241
241 242
242 243
243 244
244 245
245 246
243 247
247 248
248 249
249 250
250 251
251 252
249 253
253 254
254 255
255 256
256 257
257 258
258 259
256 260
261 262
262 263
263 264
264 265
265 266
263 267
267 268
268 269
269 270
270 271
271 272
269 273
273 274
274 275
275 276
276 277
277 278
275 279
279 280
280 281
281 282
282 283
283 284
284 285
282 286
287 288
288 289
289 290
290 291
291 292
289 293
293 294
294 295
295 296
296 297
297 298
295 299
299 300
300 301
301 302
302 303
303 304
301 305
305 306
306 307
307 308
308 309
309 310
310 311
308 312
313 314
314 315
315 316
316 317
317 318
315 319
319 320
320 321
321 322
322 323
323 324
321 325
325 326
326 327
327 328
328 329
329 330
327 331
331 332
332 333
333 334
334 335
335 336
336 337
334 338
339 340
340 341
341 342
342 343
343 344
341 345
345 346
346 347
347 348
348 349
349 350
347 351
351 352
352 353
353 354
354 355
355 356
353 357
357 358
358 359
359 360
360 361
361 362
362 363
360 364
365 366
366 367
367 368
368 369
369 370
367 371
371 372
372 373
373 374
374 375
375 376
373 377
377 378
378 379
379 380
380 381
381 382
379 383
383 384
384 385
385 386
386 387
387 388
388 389
386 390
391 392
392 393
393 394
394 395
395 396
393 397
397 398
398 399
399 400
400 401
401 402
399 403
403 404
404 405
405 406
406 407
407 408
405 409
409 410
410 411
411 412
412 413
413 414
414 415
412 416
417 418
418 419
419 420
420 421
421 422
419 423
423 424
424 425
425 426
426 427
427 428
425 429
429 430
430 431
431 432
432 433
433 434
431 435
435 436
436 437
437 438
438 439
439 440
440 441
438 442
443 444
444 445
445 446
446 447
447 448
445 449
449 450
450 451
451 452
452 453
453 454
451 455
455 456
456 457
457 458
458 459
459 460
457 461
461 462
462 463
463 464
464 465
465 466
466 467
464 468
469 470
470 471
471 472
472 473
473 474
471 475
475 476
476 477
477 478
478 479
479 480
477 481
481 482
482 483
483 484
484 485
485 486
483 487
487 488
488 489
489 490
490 491
491 492
492 493
490 494
495 496
496 497
497 498
498 499
499 500
497 501
501 502
502 503
503 504
504 505
505 506
503 507
507 508
508 509
509 510
510 511
511 512
509 513
513 514
514 515
515 516
516 517
517 518
518 519
516 520
521 522
522 523
523 524
524 525
525 526
523 527
527 528
528 529
529 530
530 531
531 532
529 533
533 534
534 535
535 536
536 537
537 538
535 539
539 540
540 541
541 542
542 543
543 544
544 545
542 546
547 548
548 549
549 550
550 551
551 552
549 553
553 554
554 555
555 556
556 557
557 558
555 559
559 560
560 561
561 562
562 563
563 564
561 565
565 566
566 567
567 568
568 569
569 570
570 571
568 572
573 574
574 575
575 576
576 577
577 578
575 579
579 580
580 581
581 582
582 583
583 584
581 585
585 586
586 587
587 588
588 589
589 590
587 591
591 592
592 593
593 594
594 595
595 596
596 597
594 598
599 600
600 601
601 602
602 603
603 604
601 605
605 606
606 607
607 608
608 609
609 610
607 611
611 612
612 613
613 614
614 615
615 616
613 617
617 618
618 619
619 620
620 621
621 622
622 623
620 624
625 626
626 627
627 628
628 629
629 630
627 631
631 632
632 633
633 634
634 635
635 636
633 637
637 638
638 639
639 640
640 641
641 642
639 643
643 644
644 645
645 646
646 647
647 648
648 649
646 650
651 652
652 653
653 654
654 655
655 656
653 657
657 658
658 659
659 660
660 661
661 662
659 663
663 664
664 665
665 666
666 667
667 668
665 669
669 670
670 671
671 672
672 673
673 674
674 675
672 676
677 678
678 679
679 680
680 681
681 682
679 683
683 684
684 685
685 686
686 687
687 688
685 689
689 690
690 691
691 692
692 693
693 694
691 695
695 696
696 697
697 698
698 699
699 700
700 701
698 702
703 704
704 705
705 706
706 707
707 708
705 709
709 710
710 711
711 712
712 713
713 714
711 715
715 716
716 717
717 718
718 719
719 720
717 721
721 722
722 723
723 724
724 725
725 726
726 727
724 728
729 730
730 731
731 732
732 733
733 734
731 735
735 736
736 737
737 738
738 739
739 740
737 741
741 742
742 743
743 744
744 745
745 746
743 747
747 748
748 749
749 750
750 751
751 752
752 753
750 754
755 756
756 757
757 758
758 759
759 760
757 761
761 762
762 763
763 764
764 765
765 766
763 767
767 768
768 769
769 770
770 771
771 772
769 773
773 774
774 775
775 776
776 777
777 778
778 779
776 780
781 782
782 783
783 784
784 785
785 786
783 787
787 788
788 789
789 790
790 791
791 792
789 793
793 794
794 795
795 796
796 797
797 798
795 799
799 800
800 801
801 802
802 803
803 804
804 805
802 806
807 808
808 809
809 810
810 811
811 812
809 813
813 814
814 815
815 816
816 817
817 818
815 819
819 820
820 821
821 822
822 823
823 824
821 825
825 826
826 827
827 828
828 829
829 830
830 831
828 832
833 834
834 835
835 836
836 837
837 838
835 839
839 840
840 841
841 842
842 843
843 844
841 845
845 846
846 847
847 848
848 849
849 850
847 851
851 852
852 853
853 854
854 855
855 856
856 857
854 858
859 860
860 861
861 862
862 863
863 864
861 865
865 866
866 867
867 868
868 869
869 870
867 871
871 872
872 873
873 874
874 875
875 876
873 877
877 878
878 879
879 880
880 881
881 882
882 883
880 884
885 886
886 887
887 888
888 889
889 890
887 891
891 892
892 893
893 894
894 895
895 896
893 897
897 898
898 899
899 900
900 901
901 902
899 903
903 904
904 905
905 906
906 907
907 908
908 909
906 910
911 912
912 913
913 914
914 915
915 916
913 917
917 918
918 919
919 920
920 921
921 922
919 923
923 924
924 925
925 926
926 927
927 928
925 929
929 930
930 931
931 932
932 933
933 934
934 935
932 936
937 938
938 939
939 940
940 941
941 942
939 943
943 944
944 945
945 946
946 947
947 948
945 949
949 950
950 951
951 952
952 953
953 954
951 955
955 956
956 957
957 958
958 959
959 960
960 961
958 962
963 964
964 965
965 966
966 967
967 968
965 969
969 970
970 971
971 972
972 973
973 974
971 975
975 976
976 977
977 978
978 979
979 980
977 981
981 982
982 983
983 984
984 985
985 986
986 987
984 988
989 990
990 991
991 992
992 993
993 994
991 995
995 996
996 997
997 998
998 999
999 1000
997 1001
1001 1002
1002 1003
1003 1004
1004 1005
1005 1006
1003 1007
1007 1008
1008 1009
1009 1010
1010 1011
1011 1012
1012 1013
1010 1014
1015 1016
1016 1017
1017 1018
1018 1019
1019 1020
1017 1021
1021 1022
1022 1023
1023 1024
1024 1025
1025 1026
1023 1027
1027 1028
1028 1029
1029 1030
1030 1031
1031 1032
1029 1033
1033 1034
1034 1035
1035 1036
1036 1037
1037 1038
1038 1039
1036 1040
1041 1042
1042 1043
1043 1044
1044 1045
1045 1046
1043 1047
1047 1048
1048 1049
1049 1050
1050 1051
1051 1052
1049 1053
1053 1054
1054 1055
1055 1056
1056 1057
1057 1058
1055 1059
1059 1060
1060 1061
1061 1062
1062 1063
1063 1064
1064 1065
1062 1066
1067 1068
1068 1069
1069 1070
1070 1071
1071 1072
1069 1073
1073 1074
1074 1075
1075 1076
1076 1077
1077 1078
1075 1079
1079 1080
1080 1081
1081 1082
1082 1083
1083 1084
1081 1085
1085 1086
1086 1087
1087 1088
1088 1089
1089 1090
1090 1091
1088 1092
1093 1094
1094 1095
1095 1096
1096 1097
1097 1098
1095 1099
1099 1100
1100 1101
1101 1102
1102 1103
1103 1104
1101 1105
1105 1106
1106 1107
1107 1108
1108 1109
1109 1110
1107 1111
1111 1112
1112 1113
1113 1114
1114 1115
1115 1116
1116 1117
1114 1118
1119 1120
1120 1121
1121 1122
1122 1123
1123 1124
1121 1125
1125 1126
1126 1127
1127 1128
1128 1129
1129 1130
1127 1131
1131 1132
1132 1133
1133 1134
1134 1135
1135 1136
1133 1137
1137 1138
1138 1139
1139 1140
1140 1141
1141 1142
1142 1143
1140 1144
1145 1146
1146 1147
1147 1148
1148 1149
1149 1150
1147 1151
1151 1152
1152 1153
1153 1154
1154 1155
1155 1156
1153 1157
1157 1158
1158 1159
1159 1160
1160 1161
1161 1162
1159 1163
1163 1164
1164 1165
1165 1166
1166 1167
1167 1168
1168 1169
1166 1170
1171 1172
1172 1173
1173 1174
1174 1175
1175 1176
1173 1177
1177 1178
1178 1179
1179 1180
1180 1181
1181 1182
1179 1183
1183 1184
1184 1185
1185 1186
1186 1187
1187 1188
1185 1189
1189 1190
1190 1191
1191 1192
1192 1193
1193 1194
1194 1195
1192 1196
1197 1198
1198 1199
1199 1200
1200 1201
1201 1202
1199 1203
1203 1204
1204 1205
1205 1206
1206 1207
1207 1208
1205 1209
1209 1210
1210 1211
1211 1212
1212 1213
1213 1214
1211 1215
1215 1216
1216 1217
1217 1218
1218 1219
1219 1220
1220 1221
1218 1222
1223 1224
1224 1225
1225 1226
1226 1227
1227 1228
1225 1229
1229 1230
1230 1231
1231 1232
1232 1233
1233 1234
1231 1235
1235 1236
1236 1237
1237 1238
1238 1239
1239 1240
1237 1241
1241 1242
1242 1243
1243 1244
1244 1245
1245 1246
1246 1247
1244 1248
1249 1250
1250 1251
1251 1252
1252 1253
1253 1254
1251 1255
1255 1256
1256 1257
1257 1258
1258 1259
1259 1260
1257 1261
1261 1262
1262 1263
1263 1264
1264 1265
1265 1266
1263 1267
1267 1268
1268 1269
1269 1270
1270 1271
1271 1272
1272 1273
1270 1274
1275 1276
1276 1277
1277 1278
1278 1279
1279 1280
1277 1281
1281 1282
1282 1283
1283 1284
1284 1285
1285 1286
1283 1287
1287 1288
1288 1289
1289 1290
1290 1291
1291 1292
1289 1293
1293 1294
1294 1295
1295 1296
1296 1297
1297 1298
1298 1299
1296 1300
